{
 "cells": [
  {
   "cell_type": "markdown",
   "metadata": {},
   "source": [
    "# Table of Contents\n",
    "* [Sorting](#sort)\n",
    "* [Flexible Binary Operations](#flex)\n",
    "* [Descriptive Statistics](#des)\n",
    "* [Function Application](#func)\n",
    "* [Reindexing and Altering Labels](#)"
   ]
  },
  {
   "cell_type": "code",
   "execution_count": 11,
   "metadata": {
    "collapsed": true
   },
   "outputs": [],
   "source": [
    "import sys #only needed to determine Python version number\n",
    "import pandas as pd #this is how I usually import pandas\n",
    "import numpy as np\n",
    "import matplotlib.pyplot as plt\n",
    "import matplotlib #only needed to determine Matplotlib version number\n",
    "\n",
    "# Enable inline plotting\n",
    "%matplotlib inline"
   ]
  },
  {
   "cell_type": "code",
   "execution_count": 36,
   "metadata": {},
   "outputs": [
    {
     "name": "stdout",
     "output_type": "stream",
     "text": [
      "Index(['Year', 'Player', 'Pos', 'Age', 'Tm', 'G', 'GS', 'MP', 'PER', 'TS%',\n",
      "       '3PAr', 'FTr', 'ORB%', 'DRB%', 'TRB%', 'AST%', 'STL%', 'BLK%', 'TOV%',\n",
      "       'USG%', 'OWS', 'DWS', 'WS', 'WS/48', 'OBPM', 'DBPM', 'BPM', 'VORP',\n",
      "       'FG', 'FGA', 'FG%', '3P', '3PA', '3P%', '2P', '2PA', '2P%', 'eFG%',\n",
      "       'FT', 'FTA', 'FT%', 'ORB', 'DRB', 'TRB', 'AST', 'STL', 'BLK', 'TOV',\n",
      "       'PF', 'PTS'],\n",
      "      dtype='object')\n",
      "RangeIndex(start=0, stop=24691, step=1)\n"
     ]
    },
    {
     "data": {
      "text/html": [
       "<div>\n",
       "<style scoped>\n",
       "    .dataframe tbody tr th:only-of-type {\n",
       "        vertical-align: middle;\n",
       "    }\n",
       "\n",
       "    .dataframe tbody tr th {\n",
       "        vertical-align: top;\n",
       "    }\n",
       "\n",
       "    .dataframe thead th {\n",
       "        text-align: right;\n",
       "    }\n",
       "</style>\n",
       "<table border=\"1\" class=\"dataframe\">\n",
       "  <thead>\n",
       "    <tr style=\"text-align: right;\">\n",
       "      <th></th>\n",
       "      <th>Year</th>\n",
       "      <th>Player</th>\n",
       "      <th>Tm</th>\n",
       "      <th>Pos</th>\n",
       "      <th>G</th>\n",
       "      <th>GS</th>\n",
       "      <th>PTS</th>\n",
       "      <th>FG%</th>\n",
       "      <th>3P%</th>\n",
       "      <th>2P%</th>\n",
       "      <th>FT%</th>\n",
       "      <th>TRB%</th>\n",
       "      <th>AST%</th>\n",
       "      <th>STL%</th>\n",
       "      <th>BLK%</th>\n",
       "      <th>TOV%</th>\n",
       "      <th>PF</th>\n",
       "    </tr>\n",
       "  </thead>\n",
       "  <tbody>\n",
       "    <tr>\n",
       "      <th>24654</th>\n",
       "      <td>2017.0</td>\n",
       "      <td>Russell Westbrook</td>\n",
       "      <td>OKC</td>\n",
       "      <td>PG</td>\n",
       "      <td>81.0</td>\n",
       "      <td>81.0</td>\n",
       "      <td>2558.0</td>\n",
       "      <td>0.425</td>\n",
       "      <td>0.343</td>\n",
       "      <td>0.459</td>\n",
       "      <td>0.845</td>\n",
       "      <td>17.1</td>\n",
       "      <td>57.3</td>\n",
       "      <td>2.3</td>\n",
       "      <td>0.9</td>\n",
       "      <td>15.9</td>\n",
       "      <td>190.0</td>\n",
       "    </tr>\n",
       "    <tr>\n",
       "      <th>24306</th>\n",
       "      <td>2017.0</td>\n",
       "      <td>James Harden</td>\n",
       "      <td>HOU</td>\n",
       "      <td>PG</td>\n",
       "      <td>81.0</td>\n",
       "      <td>81.0</td>\n",
       "      <td>2356.0</td>\n",
       "      <td>0.440</td>\n",
       "      <td>0.347</td>\n",
       "      <td>0.530</td>\n",
       "      <td>0.847</td>\n",
       "      <td>12.2</td>\n",
       "      <td>50.7</td>\n",
       "      <td>2.0</td>\n",
       "      <td>1.0</td>\n",
       "      <td>19.5</td>\n",
       "      <td>215.0</td>\n",
       "    </tr>\n",
       "    <tr>\n",
       "      <th>24612</th>\n",
       "      <td>2017.0</td>\n",
       "      <td>Isaiah Thomas</td>\n",
       "      <td>BOS</td>\n",
       "      <td>PG</td>\n",
       "      <td>76.0</td>\n",
       "      <td>76.0</td>\n",
       "      <td>2199.0</td>\n",
       "      <td>0.463</td>\n",
       "      <td>0.379</td>\n",
       "      <td>0.528</td>\n",
       "      <td>0.909</td>\n",
       "      <td>4.4</td>\n",
       "      <td>32.6</td>\n",
       "      <td>1.4</td>\n",
       "      <td>0.4</td>\n",
       "      <td>10.7</td>\n",
       "      <td>167.0</td>\n",
       "    </tr>\n",
       "    <tr>\n",
       "      <th>24218</th>\n",
       "      <td>2017.0</td>\n",
       "      <td>Anthony Davis</td>\n",
       "      <td>NOP</td>\n",
       "      <td>C</td>\n",
       "      <td>75.0</td>\n",
       "      <td>75.0</td>\n",
       "      <td>2099.0</td>\n",
       "      <td>0.504</td>\n",
       "      <td>0.299</td>\n",
       "      <td>0.524</td>\n",
       "      <td>0.802</td>\n",
       "      <td>17.3</td>\n",
       "      <td>11.1</td>\n",
       "      <td>1.7</td>\n",
       "      <td>5.1</td>\n",
       "      <td>9.1</td>\n",
       "      <td>168.0</td>\n",
       "    </tr>\n",
       "    <tr>\n",
       "      <th>24625</th>\n",
       "      <td>2017.0</td>\n",
       "      <td>Karl-Anthony Towns</td>\n",
       "      <td>MIN</td>\n",
       "      <td>C</td>\n",
       "      <td>82.0</td>\n",
       "      <td>82.0</td>\n",
       "      <td>2061.0</td>\n",
       "      <td>0.542</td>\n",
       "      <td>0.367</td>\n",
       "      <td>0.582</td>\n",
       "      <td>0.832</td>\n",
       "      <td>19.4</td>\n",
       "      <td>13.2</td>\n",
       "      <td>1.0</td>\n",
       "      <td>2.9</td>\n",
       "      <td>11.3</td>\n",
       "      <td>241.0</td>\n",
       "    </tr>\n",
       "    <tr>\n",
       "      <th>24421</th>\n",
       "      <td>2017.0</td>\n",
       "      <td>Damian Lillard</td>\n",
       "      <td>POR</td>\n",
       "      <td>PG</td>\n",
       "      <td>75.0</td>\n",
       "      <td>75.0</td>\n",
       "      <td>2024.0</td>\n",
       "      <td>0.444</td>\n",
       "      <td>0.370</td>\n",
       "      <td>0.491</td>\n",
       "      <td>0.895</td>\n",
       "      <td>7.6</td>\n",
       "      <td>28.7</td>\n",
       "      <td>1.3</td>\n",
       "      <td>0.6</td>\n",
       "      <td>10.2</td>\n",
       "      <td>152.0</td>\n",
       "    </tr>\n",
       "    <tr>\n",
       "      <th>24226</th>\n",
       "      <td>2017.0</td>\n",
       "      <td>DeMar DeRozan</td>\n",
       "      <td>TOR</td>\n",
       "      <td>SG</td>\n",
       "      <td>74.0</td>\n",
       "      <td>74.0</td>\n",
       "      <td>2020.0</td>\n",
       "      <td>0.467</td>\n",
       "      <td>0.266</td>\n",
       "      <td>0.484</td>\n",
       "      <td>0.842</td>\n",
       "      <td>8.3</td>\n",
       "      <td>20.6</td>\n",
       "      <td>1.5</td>\n",
       "      <td>0.4</td>\n",
       "      <td>9.0</td>\n",
       "      <td>134.0</td>\n",
       "    </tr>\n",
       "    <tr>\n",
       "      <th>24216</th>\n",
       "      <td>2017.0</td>\n",
       "      <td>Stephen Curry</td>\n",
       "      <td>GSW</td>\n",
       "      <td>PG</td>\n",
       "      <td>79.0</td>\n",
       "      <td>79.0</td>\n",
       "      <td>1999.0</td>\n",
       "      <td>0.468</td>\n",
       "      <td>0.411</td>\n",
       "      <td>0.537</td>\n",
       "      <td>0.898</td>\n",
       "      <td>7.3</td>\n",
       "      <td>31.1</td>\n",
       "      <td>2.6</td>\n",
       "      <td>0.5</td>\n",
       "      <td>13.0</td>\n",
       "      <td>183.0</td>\n",
       "    </tr>\n",
       "    <tr>\n",
       "      <th>24365</th>\n",
       "      <td>2017.0</td>\n",
       "      <td>LeBron James</td>\n",
       "      <td>CLE</td>\n",
       "      <td>SF</td>\n",
       "      <td>74.0</td>\n",
       "      <td>74.0</td>\n",
       "      <td>1954.0</td>\n",
       "      <td>0.548</td>\n",
       "      <td>0.363</td>\n",
       "      <td>0.611</td>\n",
       "      <td>0.674</td>\n",
       "      <td>12.6</td>\n",
       "      <td>41.3</td>\n",
       "      <td>1.6</td>\n",
       "      <td>1.3</td>\n",
       "      <td>16.1</td>\n",
       "      <td>134.0</td>\n",
       "    </tr>\n",
       "    <tr>\n",
       "      <th>24206</th>\n",
       "      <td>2017.0</td>\n",
       "      <td>DeMarcus Cousins</td>\n",
       "      <td>TOT</td>\n",
       "      <td>C</td>\n",
       "      <td>72.0</td>\n",
       "      <td>72.0</td>\n",
       "      <td>1942.0</td>\n",
       "      <td>0.452</td>\n",
       "      <td>0.360</td>\n",
       "      <td>0.483</td>\n",
       "      <td>0.772</td>\n",
       "      <td>18.2</td>\n",
       "      <td>25.8</td>\n",
       "      <td>2.0</td>\n",
       "      <td>3.3</td>\n",
       "      <td>13.5</td>\n",
       "      <td>278.0</td>\n",
       "    </tr>\n",
       "    <tr>\n",
       "      <th>24658</th>\n",
       "      <td>2017.0</td>\n",
       "      <td>Andrew Wiggins</td>\n",
       "      <td>MIN</td>\n",
       "      <td>SF</td>\n",
       "      <td>82.0</td>\n",
       "      <td>82.0</td>\n",
       "      <td>1933.0</td>\n",
       "      <td>0.452</td>\n",
       "      <td>0.356</td>\n",
       "      <td>0.473</td>\n",
       "      <td>0.760</td>\n",
       "      <td>6.3</td>\n",
       "      <td>10.6</td>\n",
       "      <td>1.4</td>\n",
       "      <td>0.8</td>\n",
       "      <td>9.4</td>\n",
       "      <td>183.0</td>\n",
       "    </tr>\n",
       "    <tr>\n",
       "      <th>24414</th>\n",
       "      <td>2017.0</td>\n",
       "      <td>Kawhi Leonard</td>\n",
       "      <td>SAS</td>\n",
       "      <td>SF</td>\n",
       "      <td>74.0</td>\n",
       "      <td>74.0</td>\n",
       "      <td>1888.0</td>\n",
       "      <td>0.485</td>\n",
       "      <td>0.381</td>\n",
       "      <td>0.529</td>\n",
       "      <td>0.880</td>\n",
       "      <td>9.8</td>\n",
       "      <td>18.9</td>\n",
       "      <td>2.7</td>\n",
       "      <td>1.8</td>\n",
       "      <td>9.1</td>\n",
       "      <td>122.0</td>\n",
       "    </tr>\n",
       "    <tr>\n",
       "      <th>24443</th>\n",
       "      <td>2017.0</td>\n",
       "      <td>C.J. McCollum</td>\n",
       "      <td>POR</td>\n",
       "      <td>SG</td>\n",
       "      <td>80.0</td>\n",
       "      <td>80.0</td>\n",
       "      <td>1837.0</td>\n",
       "      <td>0.480</td>\n",
       "      <td>0.420</td>\n",
       "      <td>0.506</td>\n",
       "      <td>0.912</td>\n",
       "      <td>5.8</td>\n",
       "      <td>18.0</td>\n",
       "      <td>1.3</td>\n",
       "      <td>1.2</td>\n",
       "      <td>9.9</td>\n",
       "      <td>202.0</td>\n",
       "    </tr>\n",
       "    <tr>\n",
       "      <th>24115</th>\n",
       "      <td>2017.0</td>\n",
       "      <td>Giannis Antetokounmpo</td>\n",
       "      <td>MIL</td>\n",
       "      <td>SF</td>\n",
       "      <td>80.0</td>\n",
       "      <td>80.0</td>\n",
       "      <td>1832.0</td>\n",
       "      <td>0.521</td>\n",
       "      <td>0.272</td>\n",
       "      <td>0.563</td>\n",
       "      <td>0.770</td>\n",
       "      <td>14.3</td>\n",
       "      <td>26.6</td>\n",
       "      <td>2.3</td>\n",
       "      <td>4.7</td>\n",
       "      <td>13.3</td>\n",
       "      <td>246.0</td>\n",
       "    </tr>\n",
       "    <tr>\n",
       "      <th>24645</th>\n",
       "      <td>2017.0</td>\n",
       "      <td>Kemba Walker</td>\n",
       "      <td>CHO</td>\n",
       "      <td>PG</td>\n",
       "      <td>79.0</td>\n",
       "      <td>79.0</td>\n",
       "      <td>1830.0</td>\n",
       "      <td>0.444</td>\n",
       "      <td>0.399</td>\n",
       "      <td>0.476</td>\n",
       "      <td>0.847</td>\n",
       "      <td>6.2</td>\n",
       "      <td>29.1</td>\n",
       "      <td>1.6</td>\n",
       "      <td>0.7</td>\n",
       "      <td>9.5</td>\n",
       "      <td>119.0</td>\n",
       "    </tr>\n",
       "    <tr>\n",
       "      <th>24360</th>\n",
       "      <td>2017.0</td>\n",
       "      <td>Kyrie Irving</td>\n",
       "      <td>CLE</td>\n",
       "      <td>PG</td>\n",
       "      <td>72.0</td>\n",
       "      <td>72.0</td>\n",
       "      <td>1816.0</td>\n",
       "      <td>0.473</td>\n",
       "      <td>0.401</td>\n",
       "      <td>0.505</td>\n",
       "      <td>0.905</td>\n",
       "      <td>5.0</td>\n",
       "      <td>29.7</td>\n",
       "      <td>1.6</td>\n",
       "      <td>0.8</td>\n",
       "      <td>10.3</td>\n",
       "      <td>157.0</td>\n",
       "    </tr>\n",
       "    <tr>\n",
       "      <th>24175</th>\n",
       "      <td>2017.0</td>\n",
       "      <td>Jimmy Butler</td>\n",
       "      <td>CHI</td>\n",
       "      <td>SF</td>\n",
       "      <td>76.0</td>\n",
       "      <td>75.0</td>\n",
       "      <td>1816.0</td>\n",
       "      <td>0.455</td>\n",
       "      <td>0.367</td>\n",
       "      <td>0.477</td>\n",
       "      <td>0.865</td>\n",
       "      <td>9.0</td>\n",
       "      <td>24.8</td>\n",
       "      <td>2.6</td>\n",
       "      <td>0.9</td>\n",
       "      <td>9.3</td>\n",
       "      <td>112.0</td>\n",
       "    </tr>\n",
       "    <tr>\n",
       "      <th>24646</th>\n",
       "      <td>2017.0</td>\n",
       "      <td>John Wall</td>\n",
       "      <td>WAS</td>\n",
       "      <td>PG</td>\n",
       "      <td>78.0</td>\n",
       "      <td>78.0</td>\n",
       "      <td>1805.0</td>\n",
       "      <td>0.451</td>\n",
       "      <td>0.327</td>\n",
       "      <td>0.480</td>\n",
       "      <td>0.801</td>\n",
       "      <td>6.5</td>\n",
       "      <td>46.9</td>\n",
       "      <td>2.7</td>\n",
       "      <td>1.4</td>\n",
       "      <td>16.2</td>\n",
       "      <td>151.0</td>\n",
       "    </tr>\n",
       "    <tr>\n",
       "      <th>24137</th>\n",
       "      <td>2017.0</td>\n",
       "      <td>Bradley Beal</td>\n",
       "      <td>WAS</td>\n",
       "      <td>SG</td>\n",
       "      <td>77.0</td>\n",
       "      <td>77.0</td>\n",
       "      <td>1779.0</td>\n",
       "      <td>0.482</td>\n",
       "      <td>0.404</td>\n",
       "      <td>0.538</td>\n",
       "      <td>0.825</td>\n",
       "      <td>5.0</td>\n",
       "      <td>16.2</td>\n",
       "      <td>1.5</td>\n",
       "      <td>0.7</td>\n",
       "      <td>9.6</td>\n",
       "      <td>169.0</td>\n",
       "    </tr>\n",
       "    <tr>\n",
       "      <th>24278</th>\n",
       "      <td>2017.0</td>\n",
       "      <td>Paul George</td>\n",
       "      <td>IND</td>\n",
       "      <td>SF</td>\n",
       "      <td>75.0</td>\n",
       "      <td>75.0</td>\n",
       "      <td>1775.0</td>\n",
       "      <td>0.461</td>\n",
       "      <td>0.393</td>\n",
       "      <td>0.501</td>\n",
       "      <td>0.898</td>\n",
       "      <td>10.3</td>\n",
       "      <td>16.1</td>\n",
       "      <td>2.2</td>\n",
       "      <td>0.9</td>\n",
       "      <td>12.6</td>\n",
       "      <td>206.0</td>\n",
       "    </tr>\n",
       "  </tbody>\n",
       "</table>\n",
       "</div>"
      ],
      "text/plain": [
       "         Year                 Player   Tm Pos     G    GS     PTS    FG%  \\\n",
       "24654  2017.0      Russell Westbrook  OKC  PG  81.0  81.0  2558.0  0.425   \n",
       "24306  2017.0           James Harden  HOU  PG  81.0  81.0  2356.0  0.440   \n",
       "24612  2017.0          Isaiah Thomas  BOS  PG  76.0  76.0  2199.0  0.463   \n",
       "24218  2017.0          Anthony Davis  NOP   C  75.0  75.0  2099.0  0.504   \n",
       "24625  2017.0     Karl-Anthony Towns  MIN   C  82.0  82.0  2061.0  0.542   \n",
       "24421  2017.0         Damian Lillard  POR  PG  75.0  75.0  2024.0  0.444   \n",
       "24226  2017.0          DeMar DeRozan  TOR  SG  74.0  74.0  2020.0  0.467   \n",
       "24216  2017.0          Stephen Curry  GSW  PG  79.0  79.0  1999.0  0.468   \n",
       "24365  2017.0           LeBron James  CLE  SF  74.0  74.0  1954.0  0.548   \n",
       "24206  2017.0       DeMarcus Cousins  TOT   C  72.0  72.0  1942.0  0.452   \n",
       "24658  2017.0         Andrew Wiggins  MIN  SF  82.0  82.0  1933.0  0.452   \n",
       "24414  2017.0          Kawhi Leonard  SAS  SF  74.0  74.0  1888.0  0.485   \n",
       "24443  2017.0          C.J. McCollum  POR  SG  80.0  80.0  1837.0  0.480   \n",
       "24115  2017.0  Giannis Antetokounmpo  MIL  SF  80.0  80.0  1832.0  0.521   \n",
       "24645  2017.0           Kemba Walker  CHO  PG  79.0  79.0  1830.0  0.444   \n",
       "24360  2017.0           Kyrie Irving  CLE  PG  72.0  72.0  1816.0  0.473   \n",
       "24175  2017.0           Jimmy Butler  CHI  SF  76.0  75.0  1816.0  0.455   \n",
       "24646  2017.0              John Wall  WAS  PG  78.0  78.0  1805.0  0.451   \n",
       "24137  2017.0           Bradley Beal  WAS  SG  77.0  77.0  1779.0  0.482   \n",
       "24278  2017.0            Paul George  IND  SF  75.0  75.0  1775.0  0.461   \n",
       "\n",
       "         3P%    2P%    FT%  TRB%  AST%  STL%  BLK%  TOV%     PF  \n",
       "24654  0.343  0.459  0.845  17.1  57.3   2.3   0.9  15.9  190.0  \n",
       "24306  0.347  0.530  0.847  12.2  50.7   2.0   1.0  19.5  215.0  \n",
       "24612  0.379  0.528  0.909   4.4  32.6   1.4   0.4  10.7  167.0  \n",
       "24218  0.299  0.524  0.802  17.3  11.1   1.7   5.1   9.1  168.0  \n",
       "24625  0.367  0.582  0.832  19.4  13.2   1.0   2.9  11.3  241.0  \n",
       "24421  0.370  0.491  0.895   7.6  28.7   1.3   0.6  10.2  152.0  \n",
       "24226  0.266  0.484  0.842   8.3  20.6   1.5   0.4   9.0  134.0  \n",
       "24216  0.411  0.537  0.898   7.3  31.1   2.6   0.5  13.0  183.0  \n",
       "24365  0.363  0.611  0.674  12.6  41.3   1.6   1.3  16.1  134.0  \n",
       "24206  0.360  0.483  0.772  18.2  25.8   2.0   3.3  13.5  278.0  \n",
       "24658  0.356  0.473  0.760   6.3  10.6   1.4   0.8   9.4  183.0  \n",
       "24414  0.381  0.529  0.880   9.8  18.9   2.7   1.8   9.1  122.0  \n",
       "24443  0.420  0.506  0.912   5.8  18.0   1.3   1.2   9.9  202.0  \n",
       "24115  0.272  0.563  0.770  14.3  26.6   2.3   4.7  13.3  246.0  \n",
       "24645  0.399  0.476  0.847   6.2  29.1   1.6   0.7   9.5  119.0  \n",
       "24360  0.401  0.505  0.905   5.0  29.7   1.6   0.8  10.3  157.0  \n",
       "24175  0.367  0.477  0.865   9.0  24.8   2.6   0.9   9.3  112.0  \n",
       "24646  0.327  0.480  0.801   6.5  46.9   2.7   1.4  16.2  151.0  \n",
       "24137  0.404  0.538  0.825   5.0  16.2   1.5   0.7   9.6  169.0  \n",
       "24278  0.393  0.501  0.898  10.3  16.1   2.2   0.9  12.6  206.0  "
      ]
     },
     "execution_count": 36,
     "metadata": {},
     "output_type": "execute_result"
    }
   ],
   "source": [
    "def readData(location):\n",
    "    try:\n",
    "        if location.endswith('.txt') or location.endswith('.csv'):\n",
    "            return pd.read_csv(location)\n",
    "        elif location.endswith('.xlsx'):\n",
    "            return pd.read_excel(location)\n",
    "        else:\n",
    "            raise TypeError\n",
    "    except TypeError:\n",
    "        print(\"invalid file type\")\n",
    "    except:\n",
    "        print(\"other exceptions\")\n",
    "\n",
    "location = './dataset/Seasons_Stats.csv'        \n",
    "players_all = readData(location) #since 1995\n",
    "players_all = players_all.drop(columns=['Unnamed: 0', 'blanl', 'blank2'])\n",
    "print(players_all.columns)\n",
    "print(players_all.index)\n",
    "players_all = players_all.loc[:, ['Year', 'Player', 'Tm', 'Pos', 'G', 'GS', 'PTS', 'FG%', '3P%', '2P%', 'FT%', 'TRB%', 'AST%', 'STL%', 'BLK%', 'TOV%', 'PF']]\n",
    "players_season_2017 = players_all[(players_all['Year']==2017)]\n",
    "top_scorers = players_season_2017.sort_values(by='PTS', ascending=False).head(20)\n",
    "top_scorers"
   ]
  },
  {
   "cell_type": "markdown",
   "metadata": {},
   "source": [
    "## Sorting <a name=\"sort\"></a>"
   ]
  },
  {
   "cell_type": "code",
   "execution_count": 39,
   "metadata": {},
   "outputs": [
    {
     "data": {
      "text/html": [
       "<div>\n",
       "<style scoped>\n",
       "    .dataframe tbody tr th:only-of-type {\n",
       "        vertical-align: middle;\n",
       "    }\n",
       "\n",
       "    .dataframe tbody tr th {\n",
       "        vertical-align: top;\n",
       "    }\n",
       "\n",
       "    .dataframe thead tr th {\n",
       "        text-align: left;\n",
       "    }\n",
       "</style>\n",
       "<table border=\"1\" class=\"dataframe\">\n",
       "  <thead>\n",
       "    <tr>\n",
       "      <th></th>\n",
       "      <th colspan=\"4\" halign=\"left\">Personal</th>\n",
       "      <th colspan=\"7\" halign=\"left\">Points</th>\n",
       "      <th colspan=\"4\" halign=\"left\">Mixed</th>\n",
       "      <th colspan=\"2\" halign=\"left\">Bad</th>\n",
       "    </tr>\n",
       "    <tr>\n",
       "      <th></th>\n",
       "      <th>Year</th>\n",
       "      <th>Name</th>\n",
       "      <th>Team</th>\n",
       "      <th>Pos</th>\n",
       "      <th>G</th>\n",
       "      <th>GS</th>\n",
       "      <th>PTS</th>\n",
       "      <th>FG%</th>\n",
       "      <th>3P%</th>\n",
       "      <th>2P%</th>\n",
       "      <th>FT%</th>\n",
       "      <th>TRB%</th>\n",
       "      <th>AST%</th>\n",
       "      <th>STL%</th>\n",
       "      <th>BLK%</th>\n",
       "      <th>TOV%</th>\n",
       "      <th>PF</th>\n",
       "    </tr>\n",
       "  </thead>\n",
       "  <tbody>\n",
       "    <tr>\n",
       "      <th>24175</th>\n",
       "      <td>2017.0</td>\n",
       "      <td>Jimmy Butler</td>\n",
       "      <td>CHI</td>\n",
       "      <td>SF</td>\n",
       "      <td>76.0</td>\n",
       "      <td>75.0</td>\n",
       "      <td>1816.0</td>\n",
       "      <td>0.455</td>\n",
       "      <td>0.367</td>\n",
       "      <td>0.477</td>\n",
       "      <td>0.865</td>\n",
       "      <td>9.0</td>\n",
       "      <td>24.8</td>\n",
       "      <td>2.6</td>\n",
       "      <td>0.9</td>\n",
       "      <td>9.3</td>\n",
       "      <td>112.0</td>\n",
       "    </tr>\n",
       "    <tr>\n",
       "      <th>24645</th>\n",
       "      <td>2017.0</td>\n",
       "      <td>Kemba Walker</td>\n",
       "      <td>CHO</td>\n",
       "      <td>PG</td>\n",
       "      <td>79.0</td>\n",
       "      <td>79.0</td>\n",
       "      <td>1830.0</td>\n",
       "      <td>0.444</td>\n",
       "      <td>0.399</td>\n",
       "      <td>0.476</td>\n",
       "      <td>0.847</td>\n",
       "      <td>6.2</td>\n",
       "      <td>29.1</td>\n",
       "      <td>1.6</td>\n",
       "      <td>0.7</td>\n",
       "      <td>9.5</td>\n",
       "      <td>119.0</td>\n",
       "    </tr>\n",
       "    <tr>\n",
       "      <th>24414</th>\n",
       "      <td>2017.0</td>\n",
       "      <td>Kawhi Leonard</td>\n",
       "      <td>SAS</td>\n",
       "      <td>SF</td>\n",
       "      <td>74.0</td>\n",
       "      <td>74.0</td>\n",
       "      <td>1888.0</td>\n",
       "      <td>0.485</td>\n",
       "      <td>0.381</td>\n",
       "      <td>0.529</td>\n",
       "      <td>0.880</td>\n",
       "      <td>9.8</td>\n",
       "      <td>18.9</td>\n",
       "      <td>2.7</td>\n",
       "      <td>1.8</td>\n",
       "      <td>9.1</td>\n",
       "      <td>122.0</td>\n",
       "    </tr>\n",
       "    <tr>\n",
       "      <th>24226</th>\n",
       "      <td>2017.0</td>\n",
       "      <td>DeMar DeRozan</td>\n",
       "      <td>TOR</td>\n",
       "      <td>SG</td>\n",
       "      <td>74.0</td>\n",
       "      <td>74.0</td>\n",
       "      <td>2020.0</td>\n",
       "      <td>0.467</td>\n",
       "      <td>0.266</td>\n",
       "      <td>0.484</td>\n",
       "      <td>0.842</td>\n",
       "      <td>8.3</td>\n",
       "      <td>20.6</td>\n",
       "      <td>1.5</td>\n",
       "      <td>0.4</td>\n",
       "      <td>9.0</td>\n",
       "      <td>134.0</td>\n",
       "    </tr>\n",
       "    <tr>\n",
       "      <th>24365</th>\n",
       "      <td>2017.0</td>\n",
       "      <td>LeBron James</td>\n",
       "      <td>CLE</td>\n",
       "      <td>SF</td>\n",
       "      <td>74.0</td>\n",
       "      <td>74.0</td>\n",
       "      <td>1954.0</td>\n",
       "      <td>0.548</td>\n",
       "      <td>0.363</td>\n",
       "      <td>0.611</td>\n",
       "      <td>0.674</td>\n",
       "      <td>12.6</td>\n",
       "      <td>41.3</td>\n",
       "      <td>1.6</td>\n",
       "      <td>1.3</td>\n",
       "      <td>16.1</td>\n",
       "      <td>134.0</td>\n",
       "    </tr>\n",
       "    <tr>\n",
       "      <th>24646</th>\n",
       "      <td>2017.0</td>\n",
       "      <td>John Wall</td>\n",
       "      <td>WAS</td>\n",
       "      <td>PG</td>\n",
       "      <td>78.0</td>\n",
       "      <td>78.0</td>\n",
       "      <td>1805.0</td>\n",
       "      <td>0.451</td>\n",
       "      <td>0.327</td>\n",
       "      <td>0.480</td>\n",
       "      <td>0.801</td>\n",
       "      <td>6.5</td>\n",
       "      <td>46.9</td>\n",
       "      <td>2.7</td>\n",
       "      <td>1.4</td>\n",
       "      <td>16.2</td>\n",
       "      <td>151.0</td>\n",
       "    </tr>\n",
       "    <tr>\n",
       "      <th>24421</th>\n",
       "      <td>2017.0</td>\n",
       "      <td>Damian Lillard</td>\n",
       "      <td>POR</td>\n",
       "      <td>PG</td>\n",
       "      <td>75.0</td>\n",
       "      <td>75.0</td>\n",
       "      <td>2024.0</td>\n",
       "      <td>0.444</td>\n",
       "      <td>0.370</td>\n",
       "      <td>0.491</td>\n",
       "      <td>0.895</td>\n",
       "      <td>7.6</td>\n",
       "      <td>28.7</td>\n",
       "      <td>1.3</td>\n",
       "      <td>0.6</td>\n",
       "      <td>10.2</td>\n",
       "      <td>152.0</td>\n",
       "    </tr>\n",
       "    <tr>\n",
       "      <th>24360</th>\n",
       "      <td>2017.0</td>\n",
       "      <td>Kyrie Irving</td>\n",
       "      <td>CLE</td>\n",
       "      <td>PG</td>\n",
       "      <td>72.0</td>\n",
       "      <td>72.0</td>\n",
       "      <td>1816.0</td>\n",
       "      <td>0.473</td>\n",
       "      <td>0.401</td>\n",
       "      <td>0.505</td>\n",
       "      <td>0.905</td>\n",
       "      <td>5.0</td>\n",
       "      <td>29.7</td>\n",
       "      <td>1.6</td>\n",
       "      <td>0.8</td>\n",
       "      <td>10.3</td>\n",
       "      <td>157.0</td>\n",
       "    </tr>\n",
       "    <tr>\n",
       "      <th>24612</th>\n",
       "      <td>2017.0</td>\n",
       "      <td>Isaiah Thomas</td>\n",
       "      <td>BOS</td>\n",
       "      <td>PG</td>\n",
       "      <td>76.0</td>\n",
       "      <td>76.0</td>\n",
       "      <td>2199.0</td>\n",
       "      <td>0.463</td>\n",
       "      <td>0.379</td>\n",
       "      <td>0.528</td>\n",
       "      <td>0.909</td>\n",
       "      <td>4.4</td>\n",
       "      <td>32.6</td>\n",
       "      <td>1.4</td>\n",
       "      <td>0.4</td>\n",
       "      <td>10.7</td>\n",
       "      <td>167.0</td>\n",
       "    </tr>\n",
       "    <tr>\n",
       "      <th>24218</th>\n",
       "      <td>2017.0</td>\n",
       "      <td>Anthony Davis</td>\n",
       "      <td>NOP</td>\n",
       "      <td>C</td>\n",
       "      <td>75.0</td>\n",
       "      <td>75.0</td>\n",
       "      <td>2099.0</td>\n",
       "      <td>0.504</td>\n",
       "      <td>0.299</td>\n",
       "      <td>0.524</td>\n",
       "      <td>0.802</td>\n",
       "      <td>17.3</td>\n",
       "      <td>11.1</td>\n",
       "      <td>1.7</td>\n",
       "      <td>5.1</td>\n",
       "      <td>9.1</td>\n",
       "      <td>168.0</td>\n",
       "    </tr>\n",
       "    <tr>\n",
       "      <th>24137</th>\n",
       "      <td>2017.0</td>\n",
       "      <td>Bradley Beal</td>\n",
       "      <td>WAS</td>\n",
       "      <td>SG</td>\n",
       "      <td>77.0</td>\n",
       "      <td>77.0</td>\n",
       "      <td>1779.0</td>\n",
       "      <td>0.482</td>\n",
       "      <td>0.404</td>\n",
       "      <td>0.538</td>\n",
       "      <td>0.825</td>\n",
       "      <td>5.0</td>\n",
       "      <td>16.2</td>\n",
       "      <td>1.5</td>\n",
       "      <td>0.7</td>\n",
       "      <td>9.6</td>\n",
       "      <td>169.0</td>\n",
       "    </tr>\n",
       "    <tr>\n",
       "      <th>24658</th>\n",
       "      <td>2017.0</td>\n",
       "      <td>Andrew Wiggins</td>\n",
       "      <td>MIN</td>\n",
       "      <td>SF</td>\n",
       "      <td>82.0</td>\n",
       "      <td>82.0</td>\n",
       "      <td>1933.0</td>\n",
       "      <td>0.452</td>\n",
       "      <td>0.356</td>\n",
       "      <td>0.473</td>\n",
       "      <td>0.760</td>\n",
       "      <td>6.3</td>\n",
       "      <td>10.6</td>\n",
       "      <td>1.4</td>\n",
       "      <td>0.8</td>\n",
       "      <td>9.4</td>\n",
       "      <td>183.0</td>\n",
       "    </tr>\n",
       "    <tr>\n",
       "      <th>24216</th>\n",
       "      <td>2017.0</td>\n",
       "      <td>Stephen Curry</td>\n",
       "      <td>GSW</td>\n",
       "      <td>PG</td>\n",
       "      <td>79.0</td>\n",
       "      <td>79.0</td>\n",
       "      <td>1999.0</td>\n",
       "      <td>0.468</td>\n",
       "      <td>0.411</td>\n",
       "      <td>0.537</td>\n",
       "      <td>0.898</td>\n",
       "      <td>7.3</td>\n",
       "      <td>31.1</td>\n",
       "      <td>2.6</td>\n",
       "      <td>0.5</td>\n",
       "      <td>13.0</td>\n",
       "      <td>183.0</td>\n",
       "    </tr>\n",
       "    <tr>\n",
       "      <th>24654</th>\n",
       "      <td>2017.0</td>\n",
       "      <td>Russell Westbrook</td>\n",
       "      <td>OKC</td>\n",
       "      <td>PG</td>\n",
       "      <td>81.0</td>\n",
       "      <td>81.0</td>\n",
       "      <td>2558.0</td>\n",
       "      <td>0.425</td>\n",
       "      <td>0.343</td>\n",
       "      <td>0.459</td>\n",
       "      <td>0.845</td>\n",
       "      <td>17.1</td>\n",
       "      <td>57.3</td>\n",
       "      <td>2.3</td>\n",
       "      <td>0.9</td>\n",
       "      <td>15.9</td>\n",
       "      <td>190.0</td>\n",
       "    </tr>\n",
       "    <tr>\n",
       "      <th>24443</th>\n",
       "      <td>2017.0</td>\n",
       "      <td>C.J. McCollum</td>\n",
       "      <td>POR</td>\n",
       "      <td>SG</td>\n",
       "      <td>80.0</td>\n",
       "      <td>80.0</td>\n",
       "      <td>1837.0</td>\n",
       "      <td>0.480</td>\n",
       "      <td>0.420</td>\n",
       "      <td>0.506</td>\n",
       "      <td>0.912</td>\n",
       "      <td>5.8</td>\n",
       "      <td>18.0</td>\n",
       "      <td>1.3</td>\n",
       "      <td>1.2</td>\n",
       "      <td>9.9</td>\n",
       "      <td>202.0</td>\n",
       "    </tr>\n",
       "    <tr>\n",
       "      <th>24278</th>\n",
       "      <td>2017.0</td>\n",
       "      <td>Paul George</td>\n",
       "      <td>IND</td>\n",
       "      <td>SF</td>\n",
       "      <td>75.0</td>\n",
       "      <td>75.0</td>\n",
       "      <td>1775.0</td>\n",
       "      <td>0.461</td>\n",
       "      <td>0.393</td>\n",
       "      <td>0.501</td>\n",
       "      <td>0.898</td>\n",
       "      <td>10.3</td>\n",
       "      <td>16.1</td>\n",
       "      <td>2.2</td>\n",
       "      <td>0.9</td>\n",
       "      <td>12.6</td>\n",
       "      <td>206.0</td>\n",
       "    </tr>\n",
       "    <tr>\n",
       "      <th>24306</th>\n",
       "      <td>2017.0</td>\n",
       "      <td>James Harden</td>\n",
       "      <td>HOU</td>\n",
       "      <td>PG</td>\n",
       "      <td>81.0</td>\n",
       "      <td>81.0</td>\n",
       "      <td>2356.0</td>\n",
       "      <td>0.440</td>\n",
       "      <td>0.347</td>\n",
       "      <td>0.530</td>\n",
       "      <td>0.847</td>\n",
       "      <td>12.2</td>\n",
       "      <td>50.7</td>\n",
       "      <td>2.0</td>\n",
       "      <td>1.0</td>\n",
       "      <td>19.5</td>\n",
       "      <td>215.0</td>\n",
       "    </tr>\n",
       "    <tr>\n",
       "      <th>24625</th>\n",
       "      <td>2017.0</td>\n",
       "      <td>Karl-Anthony Towns</td>\n",
       "      <td>MIN</td>\n",
       "      <td>C</td>\n",
       "      <td>82.0</td>\n",
       "      <td>82.0</td>\n",
       "      <td>2061.0</td>\n",
       "      <td>0.542</td>\n",
       "      <td>0.367</td>\n",
       "      <td>0.582</td>\n",
       "      <td>0.832</td>\n",
       "      <td>19.4</td>\n",
       "      <td>13.2</td>\n",
       "      <td>1.0</td>\n",
       "      <td>2.9</td>\n",
       "      <td>11.3</td>\n",
       "      <td>241.0</td>\n",
       "    </tr>\n",
       "    <tr>\n",
       "      <th>24115</th>\n",
       "      <td>2017.0</td>\n",
       "      <td>Giannis Antetokounmpo</td>\n",
       "      <td>MIL</td>\n",
       "      <td>SF</td>\n",
       "      <td>80.0</td>\n",
       "      <td>80.0</td>\n",
       "      <td>1832.0</td>\n",
       "      <td>0.521</td>\n",
       "      <td>0.272</td>\n",
       "      <td>0.563</td>\n",
       "      <td>0.770</td>\n",
       "      <td>14.3</td>\n",
       "      <td>26.6</td>\n",
       "      <td>2.3</td>\n",
       "      <td>4.7</td>\n",
       "      <td>13.3</td>\n",
       "      <td>246.0</td>\n",
       "    </tr>\n",
       "    <tr>\n",
       "      <th>24206</th>\n",
       "      <td>2017.0</td>\n",
       "      <td>DeMarcus Cousins</td>\n",
       "      <td>TOT</td>\n",
       "      <td>C</td>\n",
       "      <td>72.0</td>\n",
       "      <td>72.0</td>\n",
       "      <td>1942.0</td>\n",
       "      <td>0.452</td>\n",
       "      <td>0.360</td>\n",
       "      <td>0.483</td>\n",
       "      <td>0.772</td>\n",
       "      <td>18.2</td>\n",
       "      <td>25.8</td>\n",
       "      <td>2.0</td>\n",
       "      <td>3.3</td>\n",
       "      <td>13.5</td>\n",
       "      <td>278.0</td>\n",
       "    </tr>\n",
       "  </tbody>\n",
       "</table>\n",
       "</div>"
      ],
      "text/plain": [
       "      Personal                                 Points                       \\\n",
       "          Year                   Name Team Pos      G    GS     PTS    FG%   \n",
       "24175   2017.0           Jimmy Butler  CHI  SF   76.0  75.0  1816.0  0.455   \n",
       "24645   2017.0           Kemba Walker  CHO  PG   79.0  79.0  1830.0  0.444   \n",
       "24414   2017.0          Kawhi Leonard  SAS  SF   74.0  74.0  1888.0  0.485   \n",
       "24226   2017.0          DeMar DeRozan  TOR  SG   74.0  74.0  2020.0  0.467   \n",
       "24365   2017.0           LeBron James  CLE  SF   74.0  74.0  1954.0  0.548   \n",
       "24646   2017.0              John Wall  WAS  PG   78.0  78.0  1805.0  0.451   \n",
       "24421   2017.0         Damian Lillard  POR  PG   75.0  75.0  2024.0  0.444   \n",
       "24360   2017.0           Kyrie Irving  CLE  PG   72.0  72.0  1816.0  0.473   \n",
       "24612   2017.0          Isaiah Thomas  BOS  PG   76.0  76.0  2199.0  0.463   \n",
       "24218   2017.0          Anthony Davis  NOP   C   75.0  75.0  2099.0  0.504   \n",
       "24137   2017.0           Bradley Beal  WAS  SG   77.0  77.0  1779.0  0.482   \n",
       "24658   2017.0         Andrew Wiggins  MIN  SF   82.0  82.0  1933.0  0.452   \n",
       "24216   2017.0          Stephen Curry  GSW  PG   79.0  79.0  1999.0  0.468   \n",
       "24654   2017.0      Russell Westbrook  OKC  PG   81.0  81.0  2558.0  0.425   \n",
       "24443   2017.0          C.J. McCollum  POR  SG   80.0  80.0  1837.0  0.480   \n",
       "24278   2017.0            Paul George  IND  SF   75.0  75.0  1775.0  0.461   \n",
       "24306   2017.0           James Harden  HOU  PG   81.0  81.0  2356.0  0.440   \n",
       "24625   2017.0     Karl-Anthony Towns  MIN   C   82.0  82.0  2061.0  0.542   \n",
       "24115   2017.0  Giannis Antetokounmpo  MIL  SF   80.0  80.0  1832.0  0.521   \n",
       "24206   2017.0       DeMarcus Cousins  TOT   C   72.0  72.0  1942.0  0.452   \n",
       "\n",
       "                           Mixed                   Bad         \n",
       "         3P%    2P%    FT%  TRB%  AST% STL% BLK%  TOV%     PF  \n",
       "24175  0.367  0.477  0.865   9.0  24.8  2.6  0.9   9.3  112.0  \n",
       "24645  0.399  0.476  0.847   6.2  29.1  1.6  0.7   9.5  119.0  \n",
       "24414  0.381  0.529  0.880   9.8  18.9  2.7  1.8   9.1  122.0  \n",
       "24226  0.266  0.484  0.842   8.3  20.6  1.5  0.4   9.0  134.0  \n",
       "24365  0.363  0.611  0.674  12.6  41.3  1.6  1.3  16.1  134.0  \n",
       "24646  0.327  0.480  0.801   6.5  46.9  2.7  1.4  16.2  151.0  \n",
       "24421  0.370  0.491  0.895   7.6  28.7  1.3  0.6  10.2  152.0  \n",
       "24360  0.401  0.505  0.905   5.0  29.7  1.6  0.8  10.3  157.0  \n",
       "24612  0.379  0.528  0.909   4.4  32.6  1.4  0.4  10.7  167.0  \n",
       "24218  0.299  0.524  0.802  17.3  11.1  1.7  5.1   9.1  168.0  \n",
       "24137  0.404  0.538  0.825   5.0  16.2  1.5  0.7   9.6  169.0  \n",
       "24658  0.356  0.473  0.760   6.3  10.6  1.4  0.8   9.4  183.0  \n",
       "24216  0.411  0.537  0.898   7.3  31.1  2.6  0.5  13.0  183.0  \n",
       "24654  0.343  0.459  0.845  17.1  57.3  2.3  0.9  15.9  190.0  \n",
       "24443  0.420  0.506  0.912   5.8  18.0  1.3  1.2   9.9  202.0  \n",
       "24278  0.393  0.501  0.898  10.3  16.1  2.2  0.9  12.6  206.0  \n",
       "24306  0.347  0.530  0.847  12.2  50.7  2.0  1.0  19.5  215.0  \n",
       "24625  0.367  0.582  0.832  19.4  13.2  1.0  2.9  11.3  241.0  \n",
       "24115  0.272  0.563  0.770  14.3  26.6  2.3  4.7  13.3  246.0  \n",
       "24206  0.360  0.483  0.772  18.2  25.8  2.0  3.3  13.5  278.0  "
      ]
     },
     "execution_count": 39,
     "metadata": {},
     "output_type": "execute_result"
    }
   ],
   "source": [
    "top_scorers.columns = pd.MultiIndex.from_tuples([\n",
    "    ('Personal','Year'),('Personal','Name'),('Personal','Team'),('Personal','Pos'),\n",
    "    ('Points','G'),('Points','GS'),('Points','PTS'),('Points','FG%'),('Points','3P%'),('Points','2P%'),('Points','FT%'),\n",
    "    ('Mixed','TRB%'),('Mixed','AST%'),('Mixed','STL%'),('Mixed','BLK%'),\n",
    "    ('Bad','TOV%'),('Bad','PF')\n",
    "])\n",
    "top_scorers.sort_values(by=[('Bad', 'PF'), ('Bad', 'TOV%')])"
   ]
  },
  {
   "cell_type": "code",
   "execution_count": 44,
   "metadata": {},
   "outputs": [
    {
     "data": {
      "text/plain": [
       "24226    9.0\n",
       "24218    9.1\n",
       "24414    9.1\n",
       "Name: TOV%, dtype: float64"
      ]
     },
     "execution_count": 44,
     "metadata": {},
     "output_type": "execute_result"
    }
   ],
   "source": [
    "top_scorers = players_season_2017.sort_values(by='PTS', ascending=False).head(20)\n",
    "top_scorers.sort_index(ascending=False)\n",
    "top_scorers.sort_values(by=['FG%', '3P%', '2P%'], ascending=False)\n",
    "top_scorers['TOV%'].nlargest(3) #method of series\n",
    "top_scorers['TOV%'].nsmallest(3)"
   ]
  },
  {
   "cell_type": "markdown",
   "metadata": {},
   "source": [
    "## Flexible Binary Operations <a name=\"flex\"></a>"
   ]
  },
  {
   "cell_type": "code",
   "execution_count": null,
   "metadata": {
    "collapsed": true
   },
   "outputs": [],
   "source": [
    "#df.add(), sub(), mul(), divmod()"
   ]
  },
  {
   "cell_type": "code",
